21012
22691
9785
6610
2741
15244
19423
14807
6512
4164
13929
25758
10350
18866
15010
21847
14766
2654
18894
14265
4755
7650
22601
19645
22887
7635
2212
3651
24474
6179
4364
15933
2710
23038
26039
6264
9869
6830
20511
2621
1488
12851
14373
10762
24718
18000
11472
14599
6271
6525
9755
9017
4952
20108
13142
5052
22457
5901
8448
1023
339
23382
23614
1293
18453
19865
6583
231
7007
22324
17439
1217
7307
8823
16389
15148
20716
9124
676
10711
543
3820
23712
3652
18208
19640
5131
24057
24814
18942
15066
22177
19446
14924
3501
15108
24924
18396
9710
6774
3655
15245
14648
24559
