21012
22691
9785
6610
2741
15244
19423
14807
6512
4164
13929
25758
10350
18866
21847
7635
14766
2654
14265
18894
4755
22601
7650
22887
15010
2212
19645
3651
15933
6179
4364
23038
2621
2710
22324
6264
9869
1488
1293
20108
20511
24718
26039
10762
6830
8448
6271
12851
14599
9017
13142
5052
3820
9755
11472
4952
5901
1023
18000
339
22457
23614
19865
23382
18453
5131
6583
231
17439
15148
7007
20716
8823
7307
16389
1217
6525
676
10711
23712
9124
543
14373
12885
24057
19640
18208
24474
15108
24924
3655
3501
24814
15245
14924
18396
15066
22177
24371
3652
24330
6774
9710
19446
24559
14648
15562
24696
9397
25108
4575
4550
15300
17580
17385
13008
22366
20250
21379
13556
23134
16469
5346
17075
7350
4416
11372
19870
25396
18719
3113
7444
5065
5107
3814
16994
4241
3909
1588
2980
24293
2042
185
10096
7013
11400
19246
11785
2115
14485
17038
19677
5067
8261
16006
22423
21994
2072
7096
11696
2912
1958
5621
9889
4846
17751
23514
6154
13096
12627
22598
7442
21432
6907
14379
23836
19489
12842
8768
23939
11557
18942
17626
21075
2846
3387
25998
18185
5934
8280
24833
16310
12212
13614
18952
13520
25080
15455
26038
10055
9025
5695
2144
20532
12118
21491
13384
10791
3345
23896
17911
17330
3310
19957
9722
22555
6544
624
18122
17501
14123
351
16148
13346
7985
11077
2457
6218
12587
25289
19705
17559
17379
22903
8254
7264
5957
16730
9021
11015
24753
2287
9829
4624
22741
13469
16674
12491
21125
2443
215
14952
22937
16258
3716
19675
13831
21030
3534
12720
6482
19992
