21012
22691
6610
9785
2741
15244
19423
14807
6512
4164
13929
25758
10350
18866
4755
21847
19645
2654
18894
7635
22601
7650
14265
2212
14766
22887
15010
3651
8448
6179
15933
23038
2710
4364
26039
6264
9869
2621
6830
20511
1488
1293
20108
10762
24718
6271
3820
11472
14599
9017
339
4952
13142
14373
12851
5052
9755
1023
22457
15148
5901
23382
23614
18000
19865
18453
6583
231
24474
7007
17439
1217
8823
7307
20716
16389
22324
543
676
23712
10711
9124
6525
7096
19640
24057
18208
5131
12885
18396
24814
19446
3501
15108
24924
22177
15066
14924
24371
6774
3814
14648
9710
24330
15245
24559
5065
9397
15999
24696
4575
15300
4550
2457
17075
15173
21491
7350
23134
16469
14485
17385
4416
5346
22366
11372
5107
5621
19870
2980
24293
20250
18952
16994
21379
18719
2042
13008
7444
1588
3113
4241
13556
22793
5067
3909
7357
7013
22423
11400
1958
2115
11696
19705
8261
15562
21994
17038
10096
2912
25396
11785
2072
2846
13096
17751
18185
22598
19489
23939
12627
7442
21075
9025
3534
2144
8768
16006
23836
4846
10791
11557
17626
12842
9889
22903
12212
15006
12788
18143
5695
12118
15455
3345
17911
21432
25108
1563
5934
13384
25289
26038
10055
25080
13614
6154
20532
3310
24833
