21012
22691
9785
6610
2741
15244
19423
14807
6512
4164
13929
25758
10350
18866
15010
21847
7635
2654
2212
7650
14766
14265
22601
22887
4755
19645
18894
3651
15933
5131
6179
4364
2710
23038
2621
6264
9869
1488
26039
20511
12851
11472
22324
10762
24718
3820
6830
6271
14599
339
24474
5052
20108
4952
13142
9017
23382
1023
15148
22457
5901
23614
19865
14373
18453
9755
231
7007
6583
8448
17439
1217
20716
7307
16389
8823
18000
10711
676
543
23712
9124
1293
19705
18208
19640
24057
6525
24559
3655
22177
15066
24924
19446
18396
15108
3501
14924
24814
25108
6774
9710
14648
24371
24330
15245
9397
24696
2457
3652
4550
4575
15300
16469
13556
18952
7096
7350
5346
22366
21379
17075
13008
4416
23134
17385
11372
5621
24293
18719
5107
3113
4241
5065
3055
19870
2980
16994
7444
2042
1588
3909
7719
1858
9025
7013
21994
17038
25396
1563
20250
10096
14485
11785
16006
11400
2115
