17393
22989
22404
18517
14808
11175
19387
24835
11445
25917
21630
21436
18875
7197
570
1074
2404
8222
7586
5210
4146
21927
5639
8972
3939
6971
10801
21832
18562
20065
3502
23114
18668
23552
25043
10805
14419
14346
9283
22278
21824
22758
13482
9616
25660
23387
2742
593
8612
9656
7459
950
12406
5465
16976
16013
18649
13190
10358
22900
6222
16545
14976
3048
9313
492
22979
12927
824
21508
4511
7689
8072
15814
6340
13801
17419
773
22189
6009
1653
24932
4743
16647
13597
15552
2530
7524
19356
19090
22834
811
11026
18225
3730
22504
12503
13995
3824
3466
3812
16521
21754
14707
12053
1000
8031
25596
15799
13026
9020
24819
9471
16056
9133
15714
15457
20576
12365
23693
8503
7712
13526
10477
14512
20664
18778
4834
12380
12496
17819
20478
22699
7926
26181
25408
24861
12507
9306
10458
23452
6868
7525
12553
22953
11607
5134
25286
615
10539
9433
21930
22574
4428
14286
20774
3033
4960
17172
17600
16032
2165
6388
1343
8116
17082
15614
16123
4355
23907
17817
18444
7935
14181
6387
17134
17874
25201
1353
2556
19114
3843
3547
1997
25565
22621
2952
3119
24765
6456
25179
22901
25069
18051
7956
5807
25172
25159
15582
5211
2338
2085
15708
12710
12545
16101
3283
23204
21178
23674
23841
12101
3409
8879
16594
19791
22032
10499
4777
12423
3063
3839
16654
19089
25543
23770
16414
13196
21596
20562
4513
16766
2774
10024
17807
8224
25006
25034
4483
18487
17538
24615
45
16611
8369
16352
13619
1611
20574
11241
9184
3372
200
20391
13971
46
8854
7204
15538
12318
6575
23864
23233
6635
15685
17021
2449
15805
9482
9639
22527
10942
2949
4632
743
13649
9249
5468
25354
20765
18034
25575
1841
16659
449
8045
16347
14746
22489
18943
10251
14007
17828
19939
9890
6364
12781
9082
7280
14932
8526
14854
11964
24503
9572
6532
8520
13164
14834
1857
7844
17824
4023
4640
2623
24479
18109
19525
25143
23943
21281
23488
13647
19657
19961
6835
2535
3766
12051
17823
4782
23485
8824
14157
7717
6963
11293
16482
10388
19340
6411
14540
20373
15003
13056
21321
7317
25346
11861
24499
88
16128
7853
6823
10652
25443
3858
18757
22269
10765
1995
1405
17655
6700
22806
18365
23915
23293
11275
21171
12786
18030
15821
12802
15189
17692
21825
8408
12414
24955
12213
13276
19440
15659
24885
22
1613
3286
11622
20635
8727
16393
10910
1186
23110
5143
8375
22284
