19615
63113
30744
23420
16164
59077
44262
48973
40517
33512
20394
62227
54785
33715
50568
66135
43226
48192
68111
57878
29715
54915
5138
7859
14017
14642
16278
35606
49295
43864
59471
23282
1931
6948
6517
36860
33617
36383
26122
18844
4436
35424
5702
11913
54519
11078
4621
554
1481
37963
19893
66017
29928
27312
37108
32833
10717
65922
15587
33650
33543
29509
21044
26398
21518
61879
45844
19660
42995
35280
55787
46064
361
25569
51382
51028
14823
26756
66820
9746
48299
63009
8660
34735
52622
66288
37616
38500
7233
24697
40041
45736
65553
37152
16320
22502
43076
38055
65086
45107
25982
47116
13937
67701
46660
29373
59600
66882
56473
54845
43425
19974
35835
5745
57738
17667
65422
17755
18433
1268
1035
48387
6435
6366
30545
17030
20599
52762
9390
39773
30254
5544
31145
3624
29859
61977
32368
25092
52116
36578
28406
40625
21934
12067
33454
61556
17575
11953
40370
54987
7704
62541
2600
20253
35910
47677
53907
35794
33426
9154
55610
21952
33384
51294
43974
64553
13496
68251
5263
50786
59730
33090
51659
23701
68368
7048
58887
15874
60268
10170
53132
67493
12639
38419
30766
64142
30291
50073
23825
61069
54218
64787
36071
19268
47509
65013
5421
39460
56583
42581
2410
23203
23072
3890
18168
21130
61475
67569
64950
32054
26304
32162
9884
24408
53450
15604
7696
55119
22057
36322
10677
20279
16570
46237
5063
36180
38965
27499
37332
9082
27723
25844
28240
12143
3572
16266
3682
25702
59682
23345
64577
50481
31729
1616
4387
16411
18413
57942
19684
67851
14381
25481
62871
17543
67983
924
32992
33892
8307
7566
33200
56916
54652
29256
32749
29044
15005
38682
31760
52149
34071
55079
3826
8391
9768
34101
37716
4186
48248
35630
33847
41458
50213
63966
4389
62597
18339
41465
15946
20921
16869
54310
37867
49658
15662
11683
21858
16796
57125
62370
17940
38112
14456
37932
53238
26021
32439
38253
55835
56424
13960
16853
29335
18778
7522
18384
36679
52458
22716
29546
12258
65786
57197
3542
45226
35204
10108
18882
116
19488
29635
10375
67362
13527
28439
3175
5379
49794
4763
63462
22152
60171
15295
44805
51739
26860
24544
44427
62404
21895
22990
15792
20152
44753
39647
20793
44567
61777
31398
40852
18634
51498
3873
46001
65091
49743
58685
61796
21411
35725
32205
62493
67652
44721
19123
28534
61509
34364
32800
15334
47175
34417
13052
18656
6448
62418
21209
34159
38730
60516
25239
53974
14888
60999
36800
64298
56008
54615
68024
32635
42001
17141
60751
45983
9443
68367
66171
67149
41167
59651
51070
8765
36438
57165
54369
1724
16728
41221
32661
32109
42804
24478
13824
38891
49600
29237
9010
64891
21286
31907
7346
27218
57605
39659
55625
63303
36718
21326
53825
57830
12400
54042
51824
9356
34989
16026
10337
20338
1099
7417
1590
20692
66575
27260
41534
68597
58650
24144
51388
59621
66598
41270
36456
42632
3249
57492
63613
38818
40221
28879
50149
19365
10653
60481
12459
26847
44674
12981
58231
52301
13234
2869
215
8661
29181
16610
63815
24117
11557
46534
63322
31452
29220
