19615
63113
30744
23420
16164
59077
44262
48973
40517
33512
20394
62227
54785
33715
48192
43226
50568
66135
57878
68111
29715
54915
14642
14017
7859
5138
35606
16278
43864
59471
23282
49295
1931
36860
6517
6948
36383
33617
4436
26122
35424
18844
5702
54519
11913
23825
4621
27312
37963
66017
29928
554
19893
1481
15587
65922
38500
33650
10717
37108
33543
29509
55787
53450
35280
19660
21518
21044
42995
61879
45844
40041
11078
51028
25569
51382
46064
9746
48299
66820
14823
52622
34735
361
59600
7233
45107
61977
26756
24697
45736
46660
47116
29373
66882
13937
18433
37152
67701
56473
22502
65086
37616
25982
43076
63009
16320
66288
65553
19974
8979
3624
43425
6366
1035
17667
48387
17755
5745
17030
25092
30545
20599
65422
1268
57738
8660
6435
16496
33454
29859
39773
9390
28406
32368
21934
36578
35835
40625
32833
30254
52116
31145
5544
12067
17575
33384
65091
38112
53907
13496
11953
64787
12639
35910
64553
21952
61556
33426
47677
43974
68251
20253
51294
9154
55610
2600
62541
10170
38419
23701
68368
15874
36071
7048
47509
53132
50073
67493
26304
58887
51659
5263
64142
61069
1616
35794
30291
54218
30766
38055
60268
33090
5421
65013
32162
32054
40675
64950
3890
19268
8307
15604
67569
24408
2410
59730
9884
39460
21130
54987
61475
23203
7696
42581
50786
26398
55119
20279
36180
64577
3682
32749
59682
56916
16570
5063
12143
37332
25844
25702
56583
67872
31729
46237
27723
16266
50481
10677
23345
27499
28240
22057
3572
33892
31760
34071
16411
15005
29256
32992
54845
36322
57605
52149
8391
14381
67983
54652
55835
18778
3826
17543
61292
7522
37932
16853
55079
29044
4387
38682
57942
18413
924
25481
9768
61777
15662
48248
6397
41458
16796
44721
13960
49658
3542
63966
18339
11683
37867
49743
17940
12258
62597
26021
49304
