19615
63113
30744
23420
16164
59077
44262
48973
40517
33512
20394
62227
54785
33715
43226
50568
66135
48192
68111
57878
29715
54915
14017
5138
7859
14642
35606
16278
23282
43864
49295
59471
1931
36860
6948
6517
36383
33617
35424
4436
26122
18844
5702
11913
54519
27312
25092
4621
19893
1481
18433
29928
66017
554
37963
37108
10717
65922
15587
33650
29509
33543
35280
55787
45844
38055
21044
21518
19660
42995
61879
14823
26756
9746
23825
51028
46064
25569
66820
48299
51382
24697
8660
52622
59600
37616
26398
63009
40041
7233
34735
13937
65553
46660
37152
65086
43076
25982
29373
32833
66882
67701
22502
56473
47116
16320
45736
45107
66288
8661
17667
17755
19974
6435
28406
5745
1035
20599
30545
1268
65422
57738
6366
17030
35835
53450
48387
49304
21934
5544
39773
52116
30254
9154
29859
32368
51294
12067
9390
33454
61977
43425
31145
36578
40625
17575
47677
61292
21952
9082
20253
54218
35910
33426
55610
43974
62541
11953
64787
3624
33384
68251
64553
38500
12639
13496
61556
2600
10170
40370
59730
58887
52762
53907
38419
7048
36071
67493
64142
5263
35794
50073
30291
30766
51659
33090
15874
60268
361
26304
1616
53132
61069
24408
15604
42581
32054
9884
68368
32162
47509
16496
23203
39460
19268
67569
64950
7696
61475
5421
2410
21130
54987
65013
11078
3890
50786
55119
64577
56583
20279
28240
16266
36322
3682
36180
5063
10677
16570
23072
23345
25702
40675
12143
27723
27499
46237
25844
31729
59682
3572
22057
50481
37332
34071
20921
33200
8391
38682
44721
25481
15005
67983
3826
7566
54652
29044
32992
17543
16411
57942
57830
52149
18168
62871
67851
33892
19684
14381
55079
924
29256
18413
32749
15946
57125
52458
26021
4389
38253
3542
34101
37867
17940
53238
11683
63966
7522
36679
49658
32439
22716
4387
31760
4186
9768
41465
31612
35630
18339
50213
56424
56916
16869
29546
15662
16853
65091
21858
41458
54310
12258
13960
14456
18384
37716
62597
48248
18778
44567
33847
62370
45226
31944
19488
63462
24544
8765
60171
116
31398
4763
20732
38315
5379
20793
44753
21411
28534
16610
49794
13527
20152
21895
65786
67652
6397
35204
51824
3873
22990
58685
44427
61796
61509
10108
36718
8979
37932
51739
32205
35725
8307
67362
18882
46001
62493
10375
3175
29635
61777
28439
51498
16796
57197
19123
39647
40852
53974
40221
25902
21286
41167
63303
9356
54615
6448
18634
32800
31907
60999
17141
36800
21209
57165
