19615
63113
30744
23420
59077
44262
16164
48973
40517
20394
33512
62227
54785
50568
43226
48192
33715
66135
68111
57878
29715
7859
54915
14642
14017
5138
16278
35606
43864
59471
23282
49295
1931
36860
6517
6948
36383
33617
35424
26122
18844
4436
54519
11913
5702
554
37963
4621
38055
27312
1481
19893
29928
66017
10717
18433
15587
65922
33650
37108
33543
29509
19660
11078
66820
21518
21044
55787
61879
42995
45844
40041
14823
25092
35280
51382
48299
51028
25569
46064
9746
26398
65086
59600
7233
63009
26756
8660
24697
34735
37616
43076
37152
56473
22502
46660
52116
45736
