19615
63113
30744
23420
59077
44262
16164
48973
40517
20394
33512
62227
54785
43226
33715
48192
50568
66135
57878
68111
29715
14642
5138
54915
14017
7859
16278
35606
59471
49295
43864
23282
1931
6517
36860
6948
33617
36383
35424
18844
4436
26122
54519
5702
11913
11078
4621
27312
38500
29928
554
19893
66017
1481
15587
37108
38055
65922
10717
33650
33543
29509
66820
19660
55787
53450
42995
61879
45844
21044
21518
46064
14823
26398
35280
26756
25569
48299
51028
51382
9746
37616
7233
8660
24697
63009
66288
34735
32833
40041
52622
46660
47116
43076
22502
16320
52116
66882
45107
18433
56473
45736
65553
37152
25982
29373
65086
59600
52762
6435
5745
35835
57738
48387
1035
32368
20599
30545
6366
43425
13937
17030
17755
25092
67701
65422
17667
29859
1268
18168
12067
33454
61977
5544
36578
31145
39773
9154
21934
30254
40625
37963
28406
9390
61292
15792
64787
5263
20253
55610
54218
54987
13496
64553
43974
35910
17575
2600
33384
19974
68251
33426
21952
47677
51294
11953
61556
62541
67569
50786
57830
8661
30766
36071
47509
38419
12639
30291
35794
53907
3624
7048
50073
60268
61069
64142
53132
58887
51659
33090
15874
67493
361
7696
2410
32719
40675
