60618
67933
3125
65114
59264
41074
26913
46139
3465
55479
30908
7590
67001
65486
58987
8275
54012
50231
14176
32324
58006
2737
31852
21380
66906
10278
59882
58935
6254
13728
2934
22838
36775
7573
62044
33036
12096
6041
53387
12855
27652
64620
54094
5339
12580
57273
24725
65387
58035
44977
45878
10654
3989
39731
7737
11074
19712
37417
35108
45920
65517
29383
4344
35300
24059
46357
60134
39935
49254
31271
16016
63938
53520
59190
45079
64813
41007
29291
27174
47357
47200
54129
22282
42653
49553
40444
21575
37835
5660
43541
10532
25442
3233
36522
61988
53320
38150
56667
45924
54666
1441
42533
54465
43435
11180
13093
14726
58030
34672
49541
58914
17499
64383
49951
16053
8722
48895
6738
38785
43867
12117
48002
6463
10969
47861
31503
58653
43686
48198
4825
15253
24571
42819
43393
61830
54112
768
6251
37066
22605
43999
35707
46478
47409
66173
66349
62824
14945
19030
31195
3051
38821
47085
7049
12334
65707
66474
63526
45869
56704
48666
55319
29106
44392
55802
702
10024
25502
21154
49939
45953
3306
23610
5342
5942
56185
41687
60926
36540
4158
35665
60869
44883
53601
26970
10256
61020
37313
58240
32718
49069
65237
11734
22552
44934
59169
3788
37780
56948
53316
22961
39004
66183
3234
61942
32081
34926
67091
6769
65338
54178
17555
63707
39723
63736
63850
59533
47049
19275
21075
60580
14231
30498
6836
24711
20994
61407
20211
39253
68315
56504
47747
45319
39803
10787
56167
16009
33431
1539
31705
28159
19811
46346
22735
48022
50130
43136
15618
32465
49908
51985
54626
40803
11660
61742
61147
46344
65168
22483
27910
12715
30468
21301
60295
44007
55126
38614
25197
24959
50637
20532
24178
1598
60546
58280
67757
26461
15223
64988
65516
16687
15464
48903
48414
58267
57820
37185
54076
59343
931
68656
38826
22559
2022
46718
48411
64031
30846
6614
24872
46630
31670
54843
36472
64100
51327
63618
62494
28019
41028
28997
49958
34605
40894
8329
56765
24558
53926
60445
41092
33293
31219
4878
6439
59366
60861
26724
48098
39378
60720
16451
34820
9815
26511
23485
13179
28209
57506
30896
4137
14742
59626
38971
24394
32881
13133
53942
31807
25137
5029
48405
35336
60797
50360
24870
62668
48212
15441
53268
24888
45485
27434
25095
63786
36010
5486
12242
57635
68498
10247
35025
16926
49548
4983
5338
34822
52419
12457
36163
57377
49299
45692
40698
52184
50972
67820
4248
16975
48851
66739
23018
8301
388
46786
62085
8188
57947
49418
44992
16689
40579
66932
2371
61918
643
3342
43822
50842
45417
45523
63504
65568
12867
61323
68316
67706
55387
24295
59260
22726
6561
7108
64477
48901
13353
41588
9167
34142
10233
68711
32302
68323
28426
66778
9207
7780
36019
11930
64352
3423
32271
28633
28356
31376
22189
19512
49216
22895
59703
5501
15224
6648
46402
36103
10809
45205
240
10908
5426
777
5277
57920
10772
7974
11192
5858
67925
27676
16685
53196
17066
39984
64034
50182
37393
14745
60933
30359
43948
12799
19470
11850
52883
29778
3088
15197
46854
11969
3150
8414
42294
57772
13314
10431
60775
23901
27926
62302
68204
50330
68727
54556
60216
52820
8851
56083
15108
15487
51160
56343
13451
5491
27888
63697
59789
14906
30012
13648
25019
6622
52237
12951
34477
18452
12235
37538
62086
40559
32056
27849
36907
28083
56256
67996
57648
59998
49805
6975
58702
2416
16753
42399
1613
25249
12530
40
54596
10054
19734
67282
50747
39085
11084
41477
55924
55735
62466
38203
28779
1932
18956
10659
52922
55867
7648
50324
35154
68400
8672
5303
66689
52690
6090
24492
9281
64971
46798
55161
48624
49151
41137
39434
68737
53444
18063
25820
63805
45539
53925
67453
7172
45385
28857
10598
19714
66300
23687
61950
7470
3737
46695
16619
41518
22865
64063
11403
34803
20471
49045
21141
50913
97
53321
38480
25655
28320
45749
26322
55443
58063
16476
47263
21669
63216
58965
26394
2101
66440
33755
58588
29595
13664
43318
57433
7136
46903
31160
25795
51840
41940
18258
6185
48570
51751
2168
34421
6543
49509
46950
67619
68636
57332
45181
32171
50205
26220
26596
31668
4014
57365
36500
43345
11059
31529
47907
51783
51548
45632
58613
32803
47869
40015
25856
65183
61580
6142
65857
49074
51405
40435
57295
4533
63120
17370
40047
32570
31761
42162
44540
34288
4960
43016
56522
21342
12841
30367
47226
24863
30160
63156
42230
2895
62554
26805
20655
10509
55259
6578
53159
22275
18533
36112
6055
49332
5436
64208
41823
11599
6392
64107
58086
60678
34787
48724
60403
38892
28950
17035
9285
10803
40691
66664
37660
49842
44515
64697
57678
29437
47814
2508
46443
58028
59220
29808
26997
5471
68312
42491
1185
18259
32481
10641
18109
46759
17793
38074
2254
24603
67415
52702
1227
66903
34399
68735
34931
58395
20864
41896
39402
6671
51859
5649
35021
34627
37390
28966
5187
37063
17911
50586
2127
47542
23106
23457
32408
9030
4394
27742
24086
33548
10655
27587
55442
2110
23480
1778
14357
40700
440
62015
17289
28268
35060
48437
9969
64909
41817
13318
67626
38111
65619
65137
35372
2834
26554
10282
27133
50332
65847
39239
45850
57249
28284
17378
55186
39483
37031
49022
67465
305
62454
13214
6088
41769
54268
41767
24263
31488
16672
13772
43543
55160
54699
59836
7361
66823
9618
65223
38096
10631
58037
51053
14023
5800
31990
30796
41932
52841
46983
56388
65961
20071
24333
53407
53927
51569
1629
46251
24786
10926
38089
24824
13702
45461
40949
59885
44787
51439
19844
25823
25682
14395
10280
58888
11535
36768
65893
65624
12016
38504
21428
12272
12121
31992
48674
34191
30800
40937
63328
39264
44572
62049
23970
53351
28553
53801
58834
61357
9081
54557
1182
24897
66829
19703
23486
6860
1202
19528
50657
52769
23205
25949
62405
18020
24866
4476
19926
10541
4979
52839
38466
35119
56297
49092
23119
22743
10574
18120
26645
43080
2765
22264
65325
27024
51240
6638
67173
50279
33873
26850
62741
1785
36228
14355
1829
48122
48413
19917
54561
14427
20674
65634
20944
8360
47229
37077
58319
23422
26033
26032
22495
53722
40666
10445
65088
38851
50966
42006
40564
23313
31631
11096
51466
35133
42500
44065
31922
28286
65842
33099
41830
18636
8026
37522
51397
65571
38505
30836
27744
14653
33938
30903
44598
53245
13705
17948
58211
17185
68278
31881
42597
67243
67268
21912
18541
16611
9681
62609
19747
38127
36505
31835
5581
9500
23997
44287
47445
8248
47681
48127
22133
40737
20661
49879
6156
55811
6466
17031
49466
35135
26381
19721
30610
33786
61826
33925
27864
11013
36481
33874
50790
42234
21736
65895
39386
32575
29181
18694
2679
57682
38124
19436
36581
55133
5497
23172
64186
60106
12411
4654
50416
46266
37312
47515
37059
10857
35761
45546
20427
60940
47948
63979
40327
23171
63223
64815
24002
15005
60251
50970
57628
33726
28282
27319
30494
55166
14831
28451
40635
8502
38025
58247
233
6227
28850
4707
61844
6379
68734
46876
60758
60759
42207
68510
10074
41832
54271
16522
11442
41247
65369
27331
26652
6865
52628
47911
29292
11265
32834
19977
57054
33792
8193
55129
30206
45123
22271
42619
10497
42473
68473
29732
23982
39924
24315
42330
42342
1171
42325
37292
41011
35867
5914
63242
13453
23733
6835
5399
48891
23962
25149
20810
15037
50924
47714
27135
64226
46343
45656
3011
28115
35642
61593
17486
54333
28292
57499
56264
40153
49031
56035
383
57504
61648
31525
67577
48735
22077
30767
26446
18432
20820
28723
50278
34006
21625
18550
22938
11101
1127
65880
20935
40014
15604
51825
23618
67862
38955
63549
45569
28967
895
31911
41688
26646
2469
60095
44600
43978
59362
14979
12829
464
14481
39030
16805
49176
66642
49455
26767
24167
6608
9026
49544
3773
54696
54691
39920
52044
13584
11958
26630
35376
14511
14851
12268
20845
54988
39031
31398
30766
43000
52979
11490
17557
6210
65662
59146
26530
3750
18424
32719
57830
67872
68368
40370
65091
23072
38965
29335
61292
8307
14498
9212
30420
31476
19390
12981
7379
6472
22770
19736
19839
4783
51259
41320
63508
27931
6499
34476
43562
59276
24314
31913
66542
59911
4071
29874
50437
13389
15482
3500
18348
63699
3934
39383
5764
66256
53355
23801
40707
44646
40017
24325
51464
24832
65346
26363
3905
51110
41035
13704
36523
26771
60956
50713
37334
11047
3094
49181
37781
12359
59928
54786
50056
53915
60633
16584
14864
18867
14406
42008
66603
44577
41339
58286
58276
10083
55558
25269
64619
32860
63519
47410
44647
63970
51477
1673
18167
39478
19836
60519
14490
49076
42391
37199
61849
23666
50302
10991
32254
38204
38374
67052
61425
52463
56097
42378
59861
39648
23659
59089
50084
11516
54590
46161
66019
40135
53481
40806
61433
2038
68317
25614
56801
10257
1270
32728
35037
12464
43090
43561
44537
17912
17878
44873
28421
9930
32265
51121
2799
16853
26467
20901
46932
52916
66939
5511
53406
15912
59078
49173
2557
14530
8281
56010
41847
59357
30881
19904
21076
43717
53825
13234
13052
64632
22563
23717
17554
2010
42687
44370
55934
67174
45486
50568
66186
31059
7574
40906
67824
969
56247
37303
16587
36077
8794
43272
61762
53426
12910
63359
51268
49460
28489
12267
25669
18453
3892
9570
45525
21411
9643
33151
6562
40909
23584
58902
10580
37967
31328
10553
249
12357
37972
23514
49978
56393
57758
40147
4770
18201
49941
66158
49516
47249
17921
68207
68267
12458
8036
18885
9170
58703
3127
56485
38831
50800
12215
6591
11212
40346
46311
16728
2882
4255
60123
39020
45863
21089
46571
50684
35067
46572
52194
51161
50400
67273
42999
3175
18024
58814
40924
21157
4967
47569
9926
14235
7182
23923
11410
35641
31479
1
5138
12563
27320
43801
47603
50569
20853
15488
32440
56586
52637
40113
10287
39381
10634
61196
13937
6873
8869
51221
30018
45574
34790
17796
43230
45562
68567
19224
7714
43371
23169
55277
46262
30887
29859
47374
63322
9454
27775
56970
18151
52030
47483
65292
56440
12230
51659
18342
10633
61556
46995
47064
50288
60810
49543
47364
10978
55570
3035
23919
68028
15391
5829
36899
68457
4244
9301
37887
23055
26427
12872
18433
53450
23825
26398
51294
32833
38055
38500
25092
11078
361
37963
15729
39370
21568
9791
66941
66940
2470
35750
35026
37000
2124
22427
59870
60110
22353
9925
17804
57626
58622
16860
43687
7201
55210
46879
16330
37295
14546
25931
66624
30808
62313
55961
43430
10561
25496
54846
48438
8123
22862
487
45766
8527
9169
43361
17950
47543
3191
10081
22652
46808
36729
68027
14461
39366
20434
63585
12654
39548
10790
37871
56581
8352
51860
56344
37720
67620
45712
40345
4988
36767
13243
6977
6397
28651
66171
45526
44805
12459
28971
56583
4389
43425
55936
652
35247
2658
34891
1693
11443
6647
37953
26437
36682
44784
7422
15023
50653
1931
36902
14111
50002
20743
4526
8366
3754
49301
60268
12718
45736
12245
36290
63522
39262
457
10486
61475
57612
15845
5873
41205
57738
2394
66821
14774
7272
64426
4842
46894
13239
64183
49090
16354
10073
190
60061
32289
22209
27340
10677
62245
18265
30863
5063
24259
48576
46852
30363
9010
4450
16278
6517
15265
24608
5776
35244
42582
25273
4918
36192
12644
11224
11759
26326
66476
20748
23319
49970
31612
37737
28240
64787
32697
66995
45543
30600
50073
59081
11050
47725
18350
54652
64959
15510
65017
48028
31863
61300
39960
66827
3686
52728
7599
8012
49118
51235
10683
26650
40656
66641
66174
55963
17408
34646
29515
29439
9154
58685
56628
23448
23680
22869
17915
63385
67269
23124
11618
48868
43396
753
68178
67247
26766
34989
46472
57829
42274
48409
52920
37286
39095
32905
14509
52013
10549
1616
22502
3250
30868
15666
5925
55939
41541
15402
6779
24260
43751
5597
5997
21587
5702
10957
15304
61391
45128
43994
65814
5
47401
67231
47896
24706
33137
37380
67012
67230
33277
40817
31860
47943
36772
14762
29134
37058
4999
50326
7268
1628
16857
42595
37932
59077
61582
22298
44753
51498
35630
24702
12439
37939
33029
63584
62871
23478
16620
4536
43739
51514
34850
39917
63863
35339
51902
58787
34001
136
9297
56800
28998
40317
6902
1301
68280
11185
16427
10852
39174
59111
50052
32715
65711
66165
17961
5379
10927
46666
20289
27741
44862
10576
45541
63407
1854
6201
53528
15011
54087
13874
30411
50581
40101
43919
13798
54536
54818
9790
27090
6366
8888
56663
67092
11008
23138
30584
20946
3200
57392
18671
60872
16958
33141
39069
32635
18297
21792
8127
52498
32295
56084
41977
25755
31024
61416
64394
44721
29214
36578
35606
29205
7135
40272
54656
66466
52191
33158
9793
67802
46909
39791
17198
7256
11204
42074
47871
32582
7073
24856
49295
16733
23024
14477
38365
56014
9391
23549
36209
7736
36998
46703
49929
5567
31633
7455
17184
7440
18721
23550
41522
66167
34194
45194
16654
65185
14297
46499
61232
25397
22026
65505
61777
51574
49948
38660
24697
4793
1344
61637
3470
59908
5983
47580
51912
61170
20166
23934
32800
52429
50406
66513
42287
40663
53498
22692
28847
10430
15219
63966
43226
58166
32309
6495
31240
62873
31157
1827
47703
45521
23451
39688
5544
8878
60094
22613
45081
8242
38507
15175
34397
35204
63721
303
27436
64829
64452
197
19684
45904
10115
32583
31383
19123
39810
11219
24144
7660
24721
21477
23560
26021
65506
38253
21858
48327
12402
5745
59361
22482
61101
63907
33319
2339
62550
24885
35114
25684
58811
68128
23608
62837
38163
17162
46866
48252
65786
37332
55079
46247
28001
21385
35063
41858
39659
29941
25406
25902
28440
22916
4621
35480
66820
26042
28090
9451
20519
31832
57739
19183
47775
20030
14103
7743
48089
51848
41432
33093
22107
55639
22749
29342
51028
23829
25714
65788
26641
7255
52700
9156
59684
43720
60927
22031
58386
19808
58830
51693
47712
58376
61102
14029
65199
18168
56916
9082
23701
16496
32661
7704
54845
40675
49304
52762
8661
15792
38112
8979
61896
25065
51382
15268
1048
59553
21988
61796
60516
37941
8109
30801
33454
47566
29976
22441
61421
25410
55970
12749
67031
57656
40369
25091
10186
46001
29546
60102
26712
33721
41378
40275
35892
17634
62227
14394
9638
45739
58449
48251
39837
58733
47752
51252
38011
16831
62455
55181
17436
4550
34827
48973
5156
63303
37392
55095
41537
51162
61333
29129
47228
36927
14342
50576
42329
9390
65133
62762
8586
16046
55491
42538
51784
58493
11957
14476
53514
34596
11040
58507
8601
4674
4719
3050
20417
16320
52024
13105
9533
24780
9691
7491
52695
116
35042
68657
4521
9208
11090
4503
59295
38823
33545
25717
13426
58194
58822
50270
10079
39773
38705
14411
64507
55684
22462
68571
50644
16206
10170
3176
8511
51984
34204
16574
1724
50483
63366
3925
3189
48076
55140
32054
27312
51707
54785
56559
55266
554
37367
35236
31209
32288
2198
24967
36860
23137
8871
60440
31623
20540
38742
47390
56305
1021
62747
56063
56486
56685
10548
12015
14935
10337
45844
12561
49600
66017
68604
49001
23477
61588
50090
51891
27911
25948
49174
52208
22343
14429
45135
11557
10737
67701
5421
17217
44350
53302
58969
40584
36033
24714
2044
11580
14245
50386
17495
32773
50331
16581
27670
4074
22932
33512
13425
39588
34033
45983
51045
24196
57942
7912
38465
30162
45778
44886
57173
43182
36154
30545
13432
18639
23633
41912
61394
8703
30
42018
65586
50029
14068
42734
35096
28439
44762
40719
1337
33847
48120
8605
67855
37616
46377
28086
34305
42186
9483
58301
20176
21834
42995
48201
3983
1141
31038
21093
962
31422
60184
43550
4082
53930
16775
7417
19491
8265
53495
25592
38133
24748
51553
34071
57096
30200
30412
38300
58231
17398
36438
7127
32500
42918
48125
16164
15168
1099
32609
56712
29763
41270
48262
62335
27343
37343
35455
56482
26478
177
27218
58856
40384
19699
5816
34598
41168
29380
66612
36965
35280
2177
8521
58887
46064
23316
47642
3249
31065
42698
66154
49356
68480
64152
39202
242
302
46464
42925
66144
37233
26860
42323
49566
19660
21153
22062
66152
53506
13750
23297
50415
31760
12481
12400
51890
13659
38825
29953
33246
23543
8271
13024
25729
3437
41167
68385
38493
47399
1973
13558
58769
1765
27260
27799
20800
28043
40081
28042
2410
4903
360
24067
50159
10906
955
27896
38656
31202
64951
64612
40529
45758
53086
7120
20338
22172
1627
14239
48024
11069
8077
47441
354
30589
59815
1268
33284
9895
49480
4141
12258
18191
60481
13872
28166
40517
40816
21095
23803
4885
38445
63788
7522
65013
49369
62646
7463
3348
32856
1110
34203
49199
60171
52347
2061
10840
14083
31409
60839
11264
51851
2459
64658
7183
19028
28138
44029
36383
1338
28743
50736
11196
2442
29959
20623
4528
40289
67169
56910
37003
64212
21762
22664
4305
17329
14823
29373
35639
34206
37884
19299
65363
57197
44631
65302
23706
56237
19133
33200
32761
52827
7346
35835
2472
13292
67101
66936
24304
8465
21178
26707
40262
7859
30478
34566
21539
58365
26460
56231
57207
61608
23054
28179
63113
60337
67804
55218
7129
7322
36637
6541
3928
8484
56623
52901
40423
3520
67623
59119
2670
34402
62803
1147
66898
4312
39340
51512
19974
15343
62644
43013
47004
2695
26847
40329
19283
36626
30614
9939
65213
65284
7439
47594
55575
26122
27973
4763
15468
7133
27764
10225
58592
35113
61247
34264
59136
52629
20409
52659
12993
13395
9078
40625
18462
53349
48073
65309
61381
1563
22386
50636
8125
21339
66505
32660
50434
56728
1653
10640
8623
1306
13962
44686
46850
48577
9757
64928
59303
51615
39203
41240
46487
34177
51661
56384
54698
31613
33949
25060
51438
18165
30291
8031
45142
41967
59216
28406
25844
25750
56267
53649
41458
38057
56561
3033
46740
15897
53058
16925
2536
56039
50109
30997
36456
36494
20458
34174
17300
9675
63208
39348
37013
54711
9910
23245
2964
21209
51411
742
54915
14525
29000
30744
30015
42260
43356
13388
68409
26654
40100
58426
65727
55263
48795
45234
64103
8509
33072
49962
4387
64168
57878
52986
27930
49668
5472
52481
36267
40222
3545
8253
66996
41302
59399
60374
29761
35059
17702
54118
47677
26793
32838
41610
13586
11458
32928
67125
37293
12194
32722
31838
19615
44594
59205
15338
54424
6531
34141
6586
61392
62046
290
47217
64834
55180
55931
55835
14767
41761
7237
14304
49794
24875
3106
23602
21044
33231
33715
39408
58188
38142
43004
21573
59363
68125
66755
42727
47146
13577
17030
58458
10829
52510
46237
64447
41595
66534
47832
976
35836
21952
42198
22035
43796
60751
51210
40430
4965
57445
32017
44022
62500
24769
16907
66652
60665
20793
63396
58133
16413
34138
57466
61623
4553
4186
10524
56269
40092
34463
49971
5981
52677
59722
66662
25328
38316
57558
16350
25569
12949
61879
12067
63613
18279
57885
51348
50295
60776
44262
11953
175
64577
29220
37806
9230
1590
14381
67108
27064
34205
64430
17037
9227
38824
52253
34364
18678
37482
44820
67790
48192
8854
15469
33894
21896
12227
12985
46274
15212
15032
32368
24119
35040
64950
880
17164
52313
42486
27865
64960
61745
46671
442
64908
42770
6796
52149
68302
9117
5263
51138
68144
41109
57444
55520
28253
28259
55471
11755
50033
53688
67377
52860
23698
34869
8082
6368
36926
42782
55787
64195
34948
52662
26176
15089
26861
59391
7188
23453
54326
54122
24148
44697
7918
26574
48637
38485
43099
35794
46598
44305
1657
893
3832
25280
40438
16031
19031
15751
14919
45565
5823
48780
19365
27122
5566
49517
65385
48571
68025
38492
51482
54573
10136
46865
40231
1166
20995
43700
19740
49658
21144
68041
1118
62074
30217
12818
38929
56120
41043
58898
10815
67871
19735
4921
42326
15388
64210
39582
66399
46077
39534
54321
43864
48823
23566
44955
13774
33790
65426
22787
33923
16428
42365
8709
3266
16921
24418
64702
31268
62604
47602
35424
38425
11683
17940
23013
66135
17506
6464
57125
51425
62453
46662
10229
22176
46513
29068
51876
34855
60885
13717
42341
19718
12662
10849
28970
65086
33315
8660
20161
46542
17034
10437
7493
10500
15393
18977
37268
66522
36342
4308
2729
28880
22003
44316
57132
24783
65228
45524
15587
23977
10375
60935
1035
43588
20670
10653
21326
35481
27893
27894
46919
22498
19081
15826
17484
56150
13769
42890
42581
4944
45230
5033
44870
27967
20394
48391
63219
58135
273
52009
53633
32749
32581
26655
22161
5964
25027
12298
41032
45605
34810
6814
245
46896
10515
49563
1025
23176
2317
53065
41308
36722
28881
55158
56768
3012
44442
2128
27822
22990
23778
31550
41831
16808
24626
51911
4070
58198
10175
33650
16570
33979
49225
59085
52959
58832
11216
26919
46973
52116
10943
7335
32461
33617
25983
19927
9356
20484
1779
57584
18844
26127
21549
39647
37050
41317
59316
22237
57398
46574
50748
13527
16535
22632
53864
33182
4906
16279
9994
45107
39601
6161
40439
30482
32939
26328
44467
17817
68251
10011
60368
10064
30772
26662
67118
29715
41759
29509
27793
41343
10017
52025
68024
2009
47317
4223
54369
53844
924
58348
51962
34735
28988
45571
66410
6044
67870
64859
24181
12689
32067
61169
4700
13496
2070
12487
26827
32613
55709
38210
19388
12000
46616
30904
61336
30905
47116
1196
8143
1174
35697
53502
24834
33213
57479
49334
11954
24826
56999
27246
25290
12639
54567
34503
19782
15312
27480
11720
26137
64553
68111
2514
24805
68162
22002
58019
20749
18130
3826
37008
68224
67253
24408
28649
60762
51185
9605
9513
12377
44574
60043
20558
58414
33252
54615
67617
27891
34101
68631
63516
39957
42487
38847
61659
58546
59471
51679
16610
62541
338
56184
17141
39037
63171
59840
25264
6700
50192
22014
35725
6302
55655
18680
54710
33952
48976
20924
52436
12284
58257
39696
33543
23993
47623
40852
16411
60814
20894
26146
48441
22408
63279
23479
189
27935
21895
3753
51576
18786
50149
24765
41203
59925
61509
67464
47074
21588
9443
8025
7187
37647
25239
27352
44674
28549
35044
50947
9686
65617
34184
20041
23798
31464
62558
60453
10425
24300
48677
45189
11996
29635
49642
34669
26451
46186
27876
34671
23936
21166
27192
65833
7454
46870
50679
65322
57022
24886
56430
8255
67821
56090
2558
17758
44288
65123
34620
66417
41973
55962
674
28461
30909
55965
28371
31907
18981
29750
23030
40187
25318
10863
2762
28410
67263
4683
60425
11925
53270
45390
62664
62351
8733
7566
16765
26619
61069
61977
22769
49143
37892
33317
57492
34665
9746
52701
53192
20732
14958
12961
33209
52964
55119
6672
14035
38330
52747
39147
4106
23420
44851
63994
53875
66546
62682
59197
2016
61174
59694
5357
57785
68651
5479
24319
20134
9211
36011
57174
6284
45193
26311
15617
16816
50786
59095
47486
3624
64169
17682
62437
36255
36340
66883
181
12478
64081
11851
11913
45715
39925
40079
61520
36180
20544
50835
20859
58316
59697
51219
10108
47293
7806
10295
65553
13150
65193
32462
50973
2336
52303
32259
4241
3682
21691
39437
63572
22722
21073
43744
57550
10990
32832
48773
54714
31319
53238
46501
16730
37259
20064
41395
45237
58928
12982
64631
23307
13408
18339
4104
22021
61014
45487
9494
33342
63535
18779
4086
2842
16059
40528
64076
31735
43811
4087
42618
61129
64603
14402
5831
15238
56194
4127
54519
21999
3579
58120
41465
35703
3102
55262
25527
4447
45405
8867
42725
68112
7924
49096
30193
7233
11729
14232
63182
31161
56639
6890
55857
27139
14988
19324
11749
4483
64710
34173
17431
4354
51036
7741
7668
9998
52835
53045
40359
64720
24960
48779
29950
41049
26665
53088
23499
35178
11203
61212
31452
934
60443
23821
35208
41342
52477
53974
17405
4997
33973
2075
6489
18198
9218
39498
59374
24127
35736
22622
26450
8085
66446
29045
17033
21130
39608
10740
34569
30314
22333
52031
36109
51277
53777
51406
55574
16612
50110
23145
50620
65134
23040
555
31961
40407
23723
19100
49121
25481
44614
29326
60107
64640
22621
6091
52470
32245
18778
19921
36602
31620
48387
17842
741
23816
37049
8423
54048
30647
55631
52492
61005
17575
46193
15678
4632
31851
42856
24201
11531
12378
9395
49303
65379
4111
9559
52928
11286
57373
66260
55625
51157
24993
45159
9975
22249
20883
30073
18675
36144
28128
52753
25035
30361
51791
51246
43740
58748
40907
56008
44394
3581
23121
22922
57473
12151
11406
38256
32546
67826
805
36687
56985
37893
505
36278
37420
32109
23972
1620
15961
49678
66250
8035
56769
2698
17100
21418
44803
42529
63614
45666
12368
25451
33104
334
62083
2285
20599
9920
61591
35798
43076
33254
28118
59715
62514
50682
59521
14976
8887
62746
36884
55744
726
18242
57323
55881
15612
25448
13938
10550
68745
62597
47485
7367
20692
21807
67323
2600
11141
55845
37869
42915
38891
19447
17075
27034
818
10568
21800
31959
16266
53350
20253
44736
21790
24443
30407
58901
25388
62093
6481
57302
54330
6436
33265
46269
55707
8404
30503
43779
63272
22058
47773
30481
60103
8339
44860
40360
27499
7901
66890
42521
14512
1481
52919
58736
24005
20160
21908
62306
44068
2537
44543
2948
24504
62316
29754
28360
2945
51143
52491
23113
9186
61612
18125
35023
20340
60218
67167
54814
37486
16339
49223
47604
58121
50643
21747
7498
21907
52204
46507
11532
59148
27155
29935
45034
45008
12237
10529
59372
22471
62650
18908
32600
33782
41115
42940
31204
48744
36039
48343
18699
50363
29334
28534
37663
8602
50709
15036
64191
49820
42292
51831
56677
2704
33892
15753
47551
63463
19787
27129
63010
27728
19368
13107
23282
40674
31820
51183
15843
56776
7429
65359
52719
51720
24117
49983
52007
67080
36415
2525
23794
9837
62878
45187
64033
51030
2794
63009
62885
47582
34519
54262
46405
47880
30886
21978
19045
4462
21482
53540
27827
51336
51204
29725
42067
62790
2714
42897
56602
4869
19319
49182
23149
20113
15357
36071
13550
52868
42917
3893
52992
38434
53323
40808
46160
46065
9220
23870
43879
17235
58189
63423
47884
23324
67171
38850
41901
60010
62714
15957
30493
60427
38682
56982
50081
54540
12433
18219
7109
14484
14499
48886
68045
66259
32247
11227
16823
50884
10403
37025
26610
48138
58410
45756
67654
36911
67624
5545
21286
64422
32206
5384
28475
65126
45643
48878
38484
57133
16521
36417
11199
8911
19488
35022
34513
25449
35427
14865
58932
67828
41601
41804
61262
19003
50449
7593
25188
47514
16986
24969
51989
55636
9321
17384
46314
31079
66527
34021
59083
30504
44831
20130
38038
20284
10082
25276
22725
10805
33063
22568
61454
26702
18548
32544
66882
20742
34151
20848
8116
10406
51520
19665
8803
42446
31296
6381
63363
1121
1695
42077
41846
50112
39125
38767
16026
37152
39196
29005
42742
16035
53469
9901
45884
12657
16883
5799
63173
65729
15993
33866
56382
14347
37626
68003
45024
62757
28197
27100
65963
6153
54051
26541
16064
38494
23069
53517
29983
49817
3906
1292
67264
34441
39369
24774
66288
888
46551
41238
50624
28656
10960
39144
60332
1003
53784
42935
48031
6976
20943
7449
4194
56971
66575
17983
68597
22198
46541
17409
34276
15007
1116
41410
57062
64143
26948
60087
5487
51706
16696
2784
65182
62493
20075
59239
67905
8391
14934
25635
40699
25326
41338
55869
22948
24645
52508
49910
17175
40183
49172
64437
28175
40580
37191
47574
31998
30579
39728
896
19818
26808
53707
42068
7250
24986
43558
63382
47491
22123
40221
3542
14125
48758
39322
33801
10528
62731
12874
15730
26545
15035
53516
10597
2377
2869
38419
54815
61338
52364
13333
20817
720
6084
56265
38895
16780
63252
4808
43231
54274
14456
16455
36783
35110
2705
15631
23955
703
27912
50831
14407
19047
8070
26609
53064
34849
4701
56915
38018
26576
41188
24120
10180
35910
64385
46483
38059
53322
10407
61148
54275
64213
34224
51408
60148
59730
57605
39941
62661
1036
60931
49607
5569
369
12697
15013
37360
48778
2943
68367
48634
40898
65627
17683
19173
12175
57282
35117
50935
18113
62404
37719
49161
14324
29772
40291
56995
45018
7048
38145
49764
52761
65940
50989
23533
45963
2079
59600
10537
65248
22609
38122
36322
31502
64826
61649
61236
26673
62255
20152
20163
22065
34002
46791
21394
36104
36718
18441
66561
20616
60191
28473
60697
40730
66585
43233
56016
25773
25064
49166
14888
63462
1691
39165
62882
15389
18248
39021
49220
34800
499
33090
32655
14975
54790
38001
35363
10442
63306
5343
24632
37726
33544
22504
45536
62708
41928
26304
10045
4871
36083
68288
13960
43100
13198
57004
31249
62418
5482
34236
60188
49431
25289
11267
43481
12720
11852
57597
67983
18352
44551
37239
10882
38470
56608
30770
27855
53132
7396
50830
10994
3572
22342
19181
23544
34241
67045
40077
62378
18031
44427
60338
3965
52017
59224
43791
22490
4134
62345
22247
38946
32729
32484
24165
59263
29596
68303
36925
19521
46534
1597
54218
43553
68556
47283
11232
10606
17500
965
50688
30971
46861
12418
60941
66201
17596
36894
9620
54042
7988
1347
38730
39345
53102
30643
28991
34740
26454
25676
31921
7353
33384
43905
8416
39299
3904
53515
41179
24060
30461
63883
14832
52314
23699
32549
18980
56867
19420
56716
40012
25866
59171
10447
60645
3982
34742
6777
27735
37800
6589
45495
40409
55850
34198
35488
60604
17177
53029
60866
64298
57638
3841
60647
39331
47523
230
51233
41127
58776
53735
64332
58919
46297
44545
21520
64555
46663
25518
47544
34376
13840
66945
55737
55188
56520
45926
25982
59122
5477
32558
3543
39193
19983
51413
41853
43736
44937
59805
51092
38495
18601
33789
8411
43018
17410
45188
3190
47059
5591
34744
21187
61352
20928
29860
65943
18910
64493
67299
29117
25919
27723
50685
9935
8495
39614
20948
21562
33426
26958
52622
61851
55797
28554
45575
33957
57544
23797
2121
57614
51567
34147
39277
38837
666
37662
52708
65859
23465
56227
6396
7594
18866
61192
22790
25404
17510
59710
41362
60027
30606
5746
58651
25098
8206
38123
55964
43484
8306
37359
49427
50839
30313
13738
52055
49727
23127
66848
41484
47598
55814
3313
56298
14017
64176
37837
458
49726
62508
679
31733
68057
9775
645
39835
24231
63706
66207
36400
13098
56270
23818
39777
52151
42043
14905
43812
41485
14500
27226
68566
65121
678
52351
15512
68005
41084
59145
62775
1126
38628
14480
22179
41221
25675
3224
55498
30548
57001
12143
40154
17512
764
21190
19096
43974
4080
42894
42892
34932
33810
41012
42913
11616
11986
3378
55517
12699
49743
28348
55555
40562
47597
42187
53308
32563
49690
65797
48915
352
12081
31178
13742
25096
57051
60569
49098
56518
65734
37944
54015
63901
66638
38435
66518
50213
19180
33105
1594
32814
46665
32731
23763
36138
6948
30876
3625
68161
11685
38829
19519
26440
19073
40010
66524
27698
62925
981
45849
64891
50584
7501
52276
52315
8985
42814
64391
16269
5510
31872
5659
59819
20425
46788
29762
6287
51355
45879
20177
5556
20925
3195
33103
55511
13355
58650
2883
32135
5498
10573
53456
3637
23139
37442
51529
9317
33233
57542
44705
15334
5380
39235
16500
26629
67494
25756
28671
61294
28262
51271
55501
41534
23581
51374
62370
50878
60636
25702
34143
42775
29256
37959
56725
10310
68470
34623
33867
39192
56178
17667
30037
6326
18253
50575
61811
31702
53681
17756
46670
5779
53676
50151
24894
17755
64862
27738
21170
33799
60682
29125
60681
28642
67569
65925
22783
57781
39243
20895
24199
12642
32235
60614
3504
28738
10622
49040
3492
3359
23318
37962
4798
59797
41303
61176
22152
43731
5901
3984
64142
42584
215
3890
48729
45025
51739
61275
46859
68570
32417
7793
62749
3268
68116
52771
41792
35439
44804
21996
64953
67572
53037
18285
11690
6309
1622
23743
45464
9557
10072
24963
40895
5999
12899
57091
52238
62346
20618
18459
50645
8702
47546
50789
23939
67406
40578
57084
47541
25709
3373
24313
1195
51824
9706
20076
54789
9613
17047
30448
45339
23023
50435
32606
51879
51426
21542
53874
42516
61364
43776
22492
22240
10198
66593
21419
10112
50118
47552
19177
68329
54375
739
61182
21518
59512
56151
51189
31301
32264
65891
47924
50656
46272
23455
16869
47153
41494
42318
30392
6831
39916
54125
31673
6172
59375
32924
67493
9983
22589
51833
4894
6322
63195
57038
21911
42277
65099
49984
15439
35698
12591
50300
25721
53749
51604
60982
60375
8587
44765
15635
17470
1737
15662
33857
279
52766
38956
8016
45446
21723
50673
43517
1283
16044
18264
22944
24401
66951
68417
66200
34505
8595
52259
14075
40382
62427
10299
56473
25628
62045
18720
60999
42506
14760
14408
14510
58462
7523
55167
30205
2512
42535
4867
24781
11691
31462
13447
36679
28491
25163
67289
44325
59918
52322
64707
23580
20449
27222
63875
13735
21563
57281
27093
10525
49432
23458
53499
57368
40115
15460
31840
54619
53627
42019
12019
58196
7181
49110
1856
2872
12900
43566
50403
49190
16211
37244
11231
47770
5349
42528
60646
28879
52956
4690
39119
8593
53693
21937
23236
20610
32260
793
11046
43907
26563
37867
50699
22592
31984
23116
29971
46517
39460
37983
15083
47901
52557
22285
10669
37164
58474
24198
28737
16976
5451
48095
58729
34546
18672
60830
23037
27027
51380
16671
40328
59883
4128
4284
12557
1101
37571
28054
21247
48883
45215
62663
41816
49340
58424
37978
29599
47939
7930
30998
37947
12335
65570
20092
10717
45403
39177
20947
43826
52558
60024
43242
62234
8038
31944
12444
6741
7241
21049
9217
54987
23208
30778
25428
39115
51427
19106
57618
47075
53454
45496
9110
47415
25465
44105
31378
61615
19893
25304
14642
26306
51388
11099
52714
12363
39039
65399
13347
10211
50489
38787
59705
17801
21776
57206
51090
61453
61180
46981
35001
61032
22935
61301
57253
20813
16512
7576
47406
18882
11002
31729
57371
36999
57296
29184
8727
68114
66824
42923
67653
68279
49177
27737
19318
44516
50938
12290
10088
9464
9470
30254
56687
65922
58842
40298
28702
42481
34121
30982
5830
46727
9172
63791
59834
21448
58704
14764
31251
46857
57673
2602
21934
34298
26719
15506
47339
11187
65650
9300
32136
50054
45669
26581
47713
33253
7360
13221
38964
32548
66024
31583
50623
13457
46279
9521
42358
32082
44555
13824
6809
46404
48605
15396
374
61857
46920
3029
54310
6467
48747
8357
39807
56629
39184
19142
63909
48900
29237
31859
10346
12445
50445
36237
42610
6773
46536
56571
5392
12984
45460
20921
58549
53616
13884
56585
26969
23935
6580
40948
23182
43034
45323
42886
43733
44100
59238
56059
17806
55872
8982
62769
159
24409
6047
40381
32863
20045
19169
68542
64244
19107
19111
12498
26784
3769
26415
20834
64740
39523
53054
20715
64594
64404
10258
2939
68176
9703
32638
15518
25389
10806
2717
165
62906
19237
67851
62725
15896
47518
38949
27263
223
8397
20279
10402
5554
49165
66382
50922
23594
9915
34178
9804
24311
14776
47391
21963
36594
942
32420
30377
36212
1149
21700
40595
8224
14903
65423
35631
61344
48427
44454
23764
41826
44004
53137
58529
28753
10025
36193
54086
52195
9184
37936
48898
25603
12109
54334
3430
26422
38734
6435
43889
24326
46338
515
55667
55976
1783
5494
9606
3582
59939
25799
65120
28278
17393
50597
8863
60282
51332
67497
55739
6223
31037
13247
38092
46364
16982
60325
23526
9210
16029
18498
45121
29862
61295
31514
3097
25570
5064
1191
55973
54123
480
42869
29726
65424
55559
8140
35911
27066
43723
62515
10667
10512
46873
9037
9323
49875
47458
28837
49667
47509
40655
44106
370
7592
14089
16435
8134
63355
9771
6717
179
38016
41075
17693
17166
25524
59986
8805
12310
7348
18581
46895
19845
7472
32864
38384
42001
67157
60177
54128
32178
29519
25929
10220
1027
58423
39861
41172
4405
39244
21598
65208
41398
21793
63730
22165
41192
31023
28195
31051
67327
39044
15946
48431
38332
17304
40400
25281
35103
11610
62662
17601
48090
24544
59990
14784
67037
46250
4478
27132
26155
12463
58192
5814
41392
17543
26929
7296
51566
37880
21954
42261
32595
3038
10533
46515
3873
11505
36406
25145
61201
34464
16349
65490
11024
17039
54099
31250
56437
10901
19489
10289
46924
60136
60333
44872
65320
16321
46933
40303
66761
49993
41104
38266
36913
41948
1579
30798
2123
17965
25764
61343
9656
44947
29302
50183
4795
65197
53748
414
63412
7499
65384
5278
51074
59407
45419
65618
33097
16332
43783
32449
1026
26028
46419
22280
61987
31159
36778
17946
38747
22571
22569
11097
38161
58712
4189
57145
19172
35863
29017
12698
67605
51690
1767
47492
65215
52121
56300
176
296
26930
60811
14514
2424
19102
10409
3098
56089
56798
8671
10474
11233
42946
47429
54624
7315
66254
19625
22327
4866
5065
37165
22306
62380
34618
25525
61558
66704
24790
32248
34871
1197
50055
59513
8037
52464
64592
57343
44430
63726
32485
4651
67887
192
1593
12587
49573
47057
8698
55548
12167
22747
62976
751
52058
51518
50572
43156
43169
2375
18384
64167
21164
34649
25032
10234
62099
65818
58320
22553
8621
32205
55515
57681
4247
52946
41857
38205
16985
55322
65697
52749
8398
7907
8558
16225
39127
39145
61999
67652
34675
40536
18665
60138
22920
22057
35644
34179
66495
17182
26661
42859
11009
36865
48993
68319
39146
41833
27140
5927
23178
25345
48307
62439
51416
22623
25821
49691
26438
6864
67496
3630
9560
29928
15078
48407
7186
56244
43576
1559
47392
26943
40594
66217
31468
16
37082
50514
39616
3196
23571
64080
12986
23838
58858
62076
59946
36685
15910
18015
25849
6540
29756
53907
52333
55971
26979
41099
21395
11105
7820
20111
60691
33263
8014
38467
2555
32275
64400
11471
22252
13110
27028
4436
3969
32992
23328
45942
64173
46975
57066
20874
23460
50690
43246
50792
63969
18865
58040
6078
19159
56821
31969
14295
31071
25590
61079
15022
11000
21550
58687
52993
67714
67388
53798
58552
28759
23946
3511
46672
34961
4966
23844
63273
44676
10738
6859
56475
20055
41101
40680
42804
20005
16233
56295
34483
13832
56311
31025
50616
16711
29769
62936
32730
50085
2680
1630
5450
2013
8570
38926
20496
13885
48881
9985
38615
10087
12193
68179
66289
34034
62691
65864
25044
16212
11281
41696
64011
10953
36586
63912
34570
50996
6218
31762
40709
30495
30783
27346
54126
18147
12871
56432
23177
58823
11423
57794
23057
64068
61076
30972
15018
1849
61622
15778
42815
14046
51901
34481
53788
56679
10684
19982
45015
50677
46872
47451
10602
38622
65347
44104
63381
7703
37716
7926
51761
68147
45556
11513
51839
52027
10756
9888
59125
45898
43768
65930
17581
47490
28121
14757
33856
15613
3363
12436
58792
26981
23700
16663
41413
3352
38076
42396
58988
18913
50367
62835
47610
57246
40419
65868
34222
52274
52958
51264
12247
43491
58222
54717
49382
63142
57297
63586
16424
14847
27328
24419
62261
17497
30317
8575
2088
19835
51075
63309
39501
56426
36787
16675
42507
60929
27154
39961
53999
54043
58824
7591
66564
51857
43769
51115
39336
20343
42914
28697
806
4543
54241
37500
32662
52431
54809
38361
59949
44877
58323
57269
46993
40405
46814
21752
58994
7696
66168
60025
27743
53408
62743
49681
19005
52516
23545
61024
23674
35483
61561
45420
9065
61417
50659
12859
47877
55610
59941
49669
39195
67873
46558
13142
58689
6719
6394
33796
16355
47244
50627
57283
35651
13462
44434
26190
37108
42276
15757
42952
15200
50892
46339
65626
23918
43346
10305
62877
57259
48733
13138
58709
60056
48830
15201
44755
25056
57372
17956
49184
39441
39444
3930
46361
3975
10733
32439
32291
45699
8356
64827
57255
10405
8350
63240
39231
5778
52458
59846
53075
50791
39598
39087
46998
13461
44332
55951
25789
53241
17913
61291
62636
56091
68438
3480
20411
33179
66253
8199
52038
56274
62649
7887
36459
9948
9107
23686
61186
34131
11106
64624
45466
57262
23860
14495
12472
33978
26202
38619
34958
54787
8791
40140
37155
42281
11266
3920
65687
34813
64579
67362
31098
60084
5665
63324
724
5461
59400
66703
9705
6537
2194
15696
28111
55497
28367
3091
61104
6582
28161
59142
28214
13875
2893
27029
495
2619
47899
68537
1444
62785
55502
38090
12168
66441
34268
13095
65022
34417
18534
60632
35632
21589
68054
68131
8115
64931
13099
68177
27074
64020
53420
22643
23536
46824
60615
62905
40592
58784
56320
22205
65252
24004
63982
49601
9566
2432
25141
59717
17885
44066
4984
64866
39410
10947
61422
2169
37419
40330
16558
3315
37386
39332
22968
32545
3781
11742
40348
51763
4912
10084
62095
17487
36323
30467
18386
56781
56803
65354
2678
64835
14107
6046
20773
43724
2763
45754
26234
47519
46497
65341
54802
43037
21753
51176
37219
31890
41843
49105
52866
22594
59278
28443
41958
10172
33273
31314
44842
28900
48248
10976
39368
59304
10542
65826
26184
28479
62832
49458
68500
10773
58738
18780
55505
18247
59835
45697
27937
44998
53442
60030
60932
13753
60934
30325
37112
37653
36805
1163
12404
32756
68501
41094
15355
59702
47344
38924
55930
31910
39445
60246
33207
34797
14312
64421
61289
44990
55838
20796
52635
36398
53091
48264
23755
33919
51609
3424
195
65422
8579
28222
37163
19046
46632
33433
28050
36525
9303
14654
16414
53625
12243
15503
52913
2108
34746
64600
3767
51191
63134
48583
3000
65615
18139
48800
60221
38341
8599
44556
38107
14644
23130
30847
65834
54948
58210
36484
54844
23846
13317
47295
38745
56191
65622
56775
15100
64917
14030
33980
33048
29717
34677
6701
33030
6154
51844
62826
33092
28141
11530
46634
30077
54576
68324
49964
31839
25207
58496
8984
47053
15874
27363
25307
21729
64703
50957
11452
51144
50152
38012
52320
37168
41608
24561
28270
32562
17963
9940
58466
20529
56229
61985
67386
26053
28638
47605
65259
16695
28594
40041
68472
64229
57396
3757
9574
63380
65661
11088
8876
6225
40316
42818
5870
11507
48604
27094
19268
60806
50937
20125
8923
30553
67713
3046
54265
32551
1511
11757
66247
56487
43738
52634
20693
27073
62457
59858
32597
15213
23643
66959
57183
48299
63712
50843
2693
54655
60799
9768
43913
23799
60145
62672
62676
31145
14768
39602
1552
13941
31156
40322
19906
28325
12581
22253
22126
66850
56249
39076
14425
7112
23607
19439
9565
4446
16834
9502
47455
16495
11663
17142
18032
67149
9922
3937
21313
13016
52373
53643
62771
37957
2795
42731
36587
41550
38499
9064
29875
33316
61023
10068
4726
53328
56644
39053
9701
19191
31474
52282
62937
30506
47132
20666
43002
59519
28294
13341
4336
39199
41519
23132
15358
37659
6151
18634
49804
39471
6801
38958
897
66904
37396
40524
55231
62732
13337
12264
45649
30559
7865
35250
55798
38987
47400
2735
36619
45010
62977
65305
13651
28095
62660
55445
8591
42632
10665
11080
44685
18413
2457
24867
52053
40410
2701
37488
65805
56872
55816
51605
18351
58076
51606
22015
48829
35107
17488
65316
27337
27085
12890
38865
12214
61448
50234
7060
13700
4877
52924
58833
2829
16827
67318
36800
59682
50371
26509
4623
3228
47969
5492
26503
3193
65200
55212
42400
646
53309
33727
57272
25639
44782
42880
54667
60421
13762
6834
40897
13591
21331
10858
45032
64485
31110
31052
55120
49865
23314
42472
9213
60683
6266
16448
31632
48904
59810
42304
56569
61345
25453
63793
4114
36148
40815
1299
19342
35109
22574
832
2454
36341
10093
18119
43920
43105
44275
19813
6449
52680
62763
13274
51362
15144
22006
43785
4400
28746
64187
37072
21447
4784
18467
33939
653
16821
48759
31517
61173
794
58069
60945
39173
16858
44757
24698
4959
377
40938
1638
38081
20535
50158
50749
66849
40631
5866
30500
52861
43583
46557
19282
30027
6504
15021
45326
15034
39469
10245
19469
60324
46921
32179
37364
53617
43908
58455
14929
66149
4660
62922
55487
20878
42029
24088
48727
37372
68388
66384
53501
64865
63817
26651
26456
6528
39439
39367
62778
47152
56878
34611
61181
35941
47358
3833
37512
28326
2433
39607
6584
48896
4535
16684
30068
15408
31731
1052
65946
13745
35338
10988
56299
61635
25357
54589
21688
25285
68386
46963
31985
39182
16810
51301
45226
38438
25515
34122
24317
28119
35699
6533
68736
68502
56172
2995
35132
41419
16761
6402
44550
51333
67029
22135
12655
24397
59084
20039
15106
12906
17886
3966
34959
3479
47822
46764
52012
3188
3991
15295
4794
57448
52889
65394
49435
22575
6089
7408
48388
67383
41609
35140
31104
43273
27603
13256
8882
13740
42951
28160
2689
5709
10523
22121
59653
68458
61222
50958
16644
43095
63307
34242
27036
6384
10242
4712
40130
46725
5601
29312
60041
22996
66623
3916
27007
2111
51293
31316
25800
2074
20606
34189
67869
21251
59124
40936
15473
36916
41409
3765
17887
63429
28861
9914
67524
66359
12661
15406
13794
13370
60086
38
443
5443
17481
22846
12576
31307
64581
36600
51099
50306
11237
7295
6833
2270
25656
52169
46325
40987
29044
10231
46804
54259
54577
52517
56424
4561
35045
51565
34670
55819
55806
68004
14356
68009
67026
21532
21570
3923
2516
9530
22644
17700
4723
51245
23617
19997
64817
40561
8866
40399
35215
13140
12462
243
66262
67166
41906
52864
38327
17307
24395
66525
48104
37221
1049
36949
4895
10298
46281
28986
36143
43692
30025
10948
12118
17876
26756
65368
33060
54919
20167
68477
51186
9884
4661
21624
59651
25335
1570
5828
4771
44618
15313
30911
50518
28712
36605
11087
38954
43552
35220
1198
20410
4306
51612
33135
3142
38369
40053
24238
26178
36156
27796
13446
59692
54559
58600
48908
8216
39606
12863
8471
52033
25343
4911
30161
16351
57949
14031
57957
61758
35211
4554
57547
41544
17150
14529
54807
55545
56805
35116
11693
68221
54044
33091
47647
51070
23961
39346
33982
40104
63464
2172
63511
1937
36890
58840
53638
21601
4132
11445
57061
20457
4896
32916
2272
754
38052
32326
55657
3015
55740
26156
27046
30829
39162
11977
2518
67311
16796
66644
39555
50738
44534
7140
66616
60311
22016
12703
36213
27941
6448
41194
43798
43797
31420
33212
41479
52925
28152
15634
26704
14226
9305
52432
11083
31382
64189
6518
10865
6240
23025
20609
47341
66447
16468
59798
58926
6900
34633
6087
24712
62424
23147
33722
14980
23140
32162
52344
27892
26196
25992
49018
17081
773
22234
64892
10095
32815
49192
45663
3776
49436
58147
14645
9523
25314
40112
52349
58933
62637
56834
62285
30416
68265
30424
59621
12485
17108
1008
644
44723
40366
4144
26977
5304
44936
65832
7260
16497
55805
56038
38364
16467
63815
40560
8607
62544
38315
67935
49333
47967
57050
36110
60803
54313
9607
8600
22565
14775
7273
8136
53458
52725
20037
19124
63905
63904
35054
39190
34005
8427
5975
30022
23071
39584
55265
31873
41415
67823
4113
38870
16649
20500
40947
32911
23660
20695
4892
66830
9517
66170
53752
32409
1631
16754
42788
56444
39600
8705
50642
16757
41400
39325
24062
65249
4976
51076
41248
46511
43745
43750
51771
47827
42445
22270
38134
26148
1514
27767
41935
58590
46790
63854
47435
28376
52160
58530
68744
25278
63860
51220
61078
52957
23173
15517
59841
647
760
63221
61000
23954
53715
54278
8208
5583
15084
5559
57606
35948
8359
823
26632
7754
60045
30956
30413
6184
6519
20551
43753
11042
8365
51207
44791
18584
65128
59283
39176
52933
49473
60634
25241
33986
42505
45325
20158
25528
894
63703
17040
17043
18017
36279
13429
23588
31416
11282
31486
50323
41135
10656
65692
5424
54079
54164
20494
56506
23203
44267
42466
11119
38707
42444
3766
42431
41468
31076
16415
216
64035
50417
53510
37079
37539
16560
57496
51266
1792
1203
24197
64172
35216
10510
14911
14489
10111
44436
16575
363
53976
1189
49453
60108
44446
1743
16291
20607
52271
44107
25493
21255
2125
10907
56665
58785
42283
41423
21189
17699
66666
26734
66471
26720
37368
47646
15851
63430
40396
1165
42789
45771
42497
31312
3203
28254
44
66884
27664
26222
56126
13113
2758
52711
1053
14501
478
477
1078
183
37238
28974
19984
9904
42821
51109
43482
26757
43551
65621
46660
43977
55676
52042
49511
40192
18540
6613
36612
52681
38084
40390
21489
14116
56015
24566
32762
63331
38439
5452
65195
27606
39611
15135
67507
59141
32448
60728
44359
25732
25633
25200
41979
50737
61337
55281
9887
28279
53737
6476
41943
29960
24122
67053
1789
41379
59268
49545
41812
44847
5976
26947
17838
61198
15516
14939
8285
12228
12641
51827
20199
34148
6065
44321
54591
3093
44983
39271
65319
62932
63727
36621
11409
12660
4776
9360
23744
16477
19744
46869
6610
50702
44683
63728
49300
9617
47588
17942
66625
38818
37876
4404
4303
2411
23221
65087
45026
44567
14848
53304
42499
25144
22723
41611
16854
27938
18269
66178
45158
11181
53513
64741
51147
7257
53797
53541
56071
49154
27096
41305
46486
50662
67722
8980
40280
4914
34475
42388
47942
42385
28745
9503
23000
39959
59916
30834
44329
31909
31004
31908
59871
39
29970
6169
22716
5968
47430
11515
65217
6718
59130
17109
17210
23841
51184
59150
55967
41143
46360
7139
27225
20741
17970
6515
49554
16218
15681
65848
31197
5970
46264
20138
45191
45190
21561
6219
5423
8606
43803
8765
39272
49086
40519
7141
36223
41459
26542
16934
20169
4318
23704
10661
63203
51215
50943
20892
55937
42493
13153
57209
57052
10408
3922
65303
8138
31083
65562
5833
9319
51775
29309
30946
42691
19091
20799
53695
50814
66411
13761
39929
34829
22115
2461
50272
20200
13552
62511
26922
27008
12590
21997
54080
22864
12271
61415
39321
17511
62446
21521
43290
65688
5264
15668
64607
16292
21427
51742
5888
49150
41196
62094
18677
42460
60075
5390
40905
20549
31297
16908
3360
54621
24970
50583
21248
47878
68015
30017
58599
30955
60301
40274
35207
41095
40292
29018
52167
20
61325
52050
28849
55229
32935
37799
53441
13939
50655
5201
65045
65031
19669
65651
21293
61889
47525
30597
28641
60150
25516
29069
13097
59096
4083
56709
65198
68423
37520
61178
52843
6510
44599
44297
62670
9821
28194
12238
47459
57369
39320
51808
25330
68298
43144
23980
53746
15347
12283
45031
10924
23752
54665
33430
60948
62669
30648
27355
40302
44848
16933
32505
14783
10126
55792
62779
26367
38706
32576
66843
41908
36777
65951
24990
38867
61757
356
32249
65647
51575
63401
7932
62742
40042
53642
47817
48804
50296
28882
15225
3921
6222
39440
22691
18656
43993
2891
39862
11536
45145
45648
7815
53909
58851
39301
28650
54050
41193
65792
54788
53809
49149
46745
59889
56021
25408
60141
25291
41480
50487
57146
43171
23345
7755
575
10579
60863
31399
59801
6182
21813
61839
48611
53439
43270
859
21714
7393
14944
22430
63425
28497
16679
52556
22238
39586
52260
40148
13278
18257
26642
22110
1696
21312
58553
55803
20546
56855
57266
40333
52507
23943
51263
52506
60227
25724
17969
43348
47002
49471
44621
20050
43150
22842
3440
36412
32817
31734
31993
21699
62379
44541
740
39242
10185
12499
33047
31810
14866
51299
65882
32371
53105
44949
22923
59929
68001
45200
37502
40434
4143
4463
45651
10732
23066
11012
33309
28579
60804
11121
37220
15090
64392
58148
27484
66499
36235
21171
64833
61238
23942
58162
11686
21735
65232
14344
51376
20056
8559
54000
28098
54001
35700
17046
48004
47212
55162
53410
51112
416
29776
7821
40385
727
40750
58989
61184
35136
35141
39583
39946
6168
9216
8167
26544
64037
25094
23788
22847
2790
53736
17544
27602
40994
19280
5811
55173
20183
58972
7909
64069
31559
54253
2965
47897
49676
5806
44866
27674
47086
30453
46509
40045
25329
12497
53733
3926
8225
13158
53709
21519
27932
23529
67317
23525
8257
8978
40805
5919
22933
52193
41138
43547
35482
45570
5500
42471
16586
4685
62695
66588
38333
27824
66639
55858
9977
60411
57165
31164
58611
28507
49016
12190
63889
40290
20672
19281
20420
41176
46406
46407
54558
3466
4477
3827
52630
51152
22017
49033
34801
30869
3469
3202
49671
4872
4920
47934
21433
62923
45157
21522
61832
38264
41097
47175
7871
49449
19666
56177
44324
31421
61346
23220
45885
3780
34814
57129
46569
13017
64616
43718
7705
68432
64921
24766
24604
41388
278
44005
46624
47233
25368
51351
20104
29201
34159
50079
21132
65665
49430
52240
61013
42288
40098
59381
9945
8875
17576
23064
40908
65250
41180
32780
27091
22202
47238
66251
