71788
40942
75297
36663
84171
3919
88290
35642
73754
25730
27060
63568
74955
49483
39113
15986
58949
59131
22664
22506
85219
24866
1610
31284
74557
36334
17120
11279
7913
82702
17583
73854
62262
53056
37068
47202
50935
71959
4725
41208
78196
22394
70823
34337
65933
58021
34942
50181
75238
84525
83152
57336
18976
58062
82211
66087
49422
66700
50009
79687
62499
24442
61440
55108
35168
20087
51879
35744
13313
52834
23106
13097
33818
78891
5732
33171
68388
36300
59907
36082
68014
17666
75981
83943
52618
53426
67266
27954
39824
72224
59041
35690
13198
22846
43863
611
59445
11998
85482
42093
9381
23828
32628
6182
20217
19085
42715
5790
83675
10326
82754
3070
56582
82290
51208
70944
36648
80234
51116
8265
18110
9681
16374
70276
37280
15419
80619
21331
84544
58620
12728
19764
49282
65349
36228
29585
23906
3737
56358
29954
14431
63621
9319
69300
19805
27801
29696
25275
69783
74176
10123
2932
1813
65577
80100
76326
45462
44664
53535
34241
49286
57924
60470
10288
36849
57260
73085
3885
10623
41611
47030
28143
38297
21967
83652
18068
20545
3044
2885
42454
66211
44100
56364
83809
30174
38472
48059
56143
27302
5030
2079
67339
15395
57672
53914
37867
595
40969
74997
80384
75609
85115
25879
33772
12665
24393
36032
50828
36617
75966
48553
88973
8511
64324
23517
81902
18472
29156
38171
13510
4870
24814
34858
76490
52887
11334
15644
57375
74107
42052
7843
79943
24645
35895
60091
85486
67713
69951
40102
28563
23723
77695
57809
88898
32905
24956
20119
43739
51613
35490
54463
46147
46203
78475
87694
82319
39852
41773
22179
54185
38992
42276
41407
6521
47040
70083
65300
49406
24322
43973
11344
61519
14737
48014
64300
52858
40367
3484
53065
1927
53872
20117
76328
41868
38651
9211
66577
73828
9576
76208
4023
59506
81032
8522
32942
77453
76681
13785
50767
29530
50335
85078
66411
52615
9502
40202
48187
50321
63583
85276
23521
18759
24635
7534
47700
83303
3836
86900
10199
20602
61342
56438
27848
939
11187
87239
11466
2441
2398
66860
59843
52054
67957
60249
70773
45131
51271
23222
85380
60592
67790
9020
12579
32963
15997
21403
9497
71713
74915
52948
86833
59254
86999
14005
707
68651
84397
69155
46859
8353
