71788
40942
75297
36663
84171
3919
88290
35642
73754
25730
27060
63568
74955
49483
39113
15986
58949
59131
22664
22506
85219
24866
1610
31284
74557
36334
17120
11279
7913
82702
17583
73854
62262
53056
37068
47202
50935
71959
4725
41208
78196
22394
34337
70823
65933
58021
34942
50181
75238
83152
84525
57336
18976
58062
82211
66087
49422
66700
50009
79687
62499
24442
61440
55108
35168
51879
20087
35744
13313
52834
23106
13097
33818
78891
5732
68388
33171
36300
36082
59907
68014
17666
75981
52618
83943
53426
39824
27954
67266
72224
35690
59041
13198
22846
43863
611
59445
85482
11998
42093
9381
23828
32628
6182
20217
19085
42715
65349
83675
80234
8265
3070
56582
23906
82754
12728
10326
36648
82290
51208
18110
9681
16374
51116
37280
84544
80619
70944
21331
19764
70276
58620
49282
29585
36228
15419
5790
3737
56358
29954
14431
63621
9319
69300
19805
27801
29696
74176
69783
25275
2932
10123
1813
65577
76326
80100
45462
44664
53535
34241
49286
60470
10288
57924
73085
36849
57260
10623
41611
28143
21967
3885
18068
47030
38297
83652
3044
20545
2885
42454
66211
83809
56364
44100
30174
38472
56143
48059
27302
67339
5030
2079
15395
53914
57672
37867
85115
40969
74997
50828
595
80384
33772
25879
24393
75609
12665
36032
75966
48553
88973
36617
23517
64324
24645
29156
18472
4870
13510
81902
38171
54463
11334
76490
34858
52887
15644
85486
42052
40202
7843
79943
35895
60091
24814
57375
69951
67713
77695
40102
38992
23723
57809
24956
88898
74107
20119
43739
81032
46147
51613
66577
32942
35490
78475
6521
41773
40367
42276
46203
38651
39852
13785
41407
52615
87239
43973
49406
24322
70083
76208
47040
48014
65300
52858
61519
3484
28563
29530
53065
24635
83303
9211
53872
82319
41868
20117
59843
73828
9576
54185
8522
14737
77453
4023
76681
50767
59506
8511
80110
66411
85078
22179
23521
9502
32905
50321
75130
63583
76328
87694
50335
18759
48187
20602
71713
61342
10199
3836
27848
11466
86900
51063
11187
939
7534
64300
2441
707
32963
52054
60249
45131
67957
47700
70773
26820
9020
9497
63392
2398
23222
15997
67790
60592
66860
21403
85276
74915
52948
68651
14005
12579
85380
59254
86833
50583
7813
9286
8353
23399
46859
83732
84397
50788
21976
27095
77967
24964
11344
71242
27314
22208
10323
44045
86999
72177
56670
73171
19547
53222
30511
9604
12172
88871
36720
50218
1063
67661
53983
19918
44207
85074
1927
85854
17200
26986
72875
10960
5355
22311
53788
76109
59091
11751
53995
21604
32424
74244
30424
83852
59285
50398
14373
75541
61100
74899
14101
57931
58791
70246
8318
51271
76474
21566
20143
19163
12500
61777
36551
29991
73345
51350
57977
60793
39314
17332
33499
52245
56438
30600
66575
73179
35647
74419
35136
71947
59343
86230
52533
24944
64959
26565
67471
13797
21928
68037
7324
12197
78441
13843
33539
47881
50307
8508
57534
73033
61651
33935
73810
56223
26835
18857
10407
66926
69155
10840
40339
79581
7852
