71788
40942
75297
36663
84171
3919
88290
35642
73754
25730
27060
63568
74955
49483
39113
15986
58949
59131
22664
22506
85219
24866
1610
31284
74557
36334
17120
11279
82702
7913
17583
73854
62262
53056
37068
50935
47202
71959
4725
41208
78196
22394
70823
34337
58021
34942
65933
84525
50181
83152
75238
57336
18976
58062
82211
66087
49422
66700
62499
50009
79687
24442
61440
55108
35168
20087
51879
35744
13313
52834
23106
13097
33818
78891
5732
68388
33171
36300
36082
59907
68014
17666
75981
83943
52618
53426
39824
27954
67266
72224
35690
59041
13198
611
22846
43863
59445
11998
85482
42093
9381
6182
32628
23828
70944
19085
42715
51116
83675
23906
80234
56582
3070
8265
70276
82290
15419
36648
21331
82754
