71788
40942
75297
36663
3919
84171
88290
35642
73754
25730
27060
63568
74955
49483
39113
15986
58949
59131
22664
22506
85219
24866
1610
31284
74557
36334
17120
11279
82702
7913
17583
73854
62262
53056
37068
47202
50935
71959
4725
41208
78196
22394
70823
34337
34942
58021
65933
75238
50181
84525
83152
57336
18976
58062
82211
49422
66087
66700
50009
62499
79687
24442
61440
55108
35168
20087
51879
35744
13313
52834
23106
13097
33818
78891
5732
33171
68388
36300
36082
59907
68014
17666
75981
52618
83943
53426
39824
27954
67266
72224
59041
35690
13198
611
43863
22846
59445
85482
42093
11998
9381
23828
32628
6182
70276
42715
19085
21331
83675
20217
56582
80234
3070
15419
9681
8265
82290
36648
12728
51208
51116
18110
10326
29585
37280
82754
16374
80619
23906
58620
84544
19764
49282
5790
36228
65349
70944
3737
56358
14431
29954
63621
9319
69300
19805
27801
29696
74176
69783
25275
2932
10123
1813
65577
80100
76326
53535
44664
45462
34241
49286
57924
60470
10288
10623
73085
57260
28143
41611
36849
3885
21967
47030
18068
83652
38297
3044
20545
2885
42454
66211
44100
56364
83809
30174
56143
48059
38472
27302
5030
2079
67339
53914
15395
57672
37867
40969
595
74997
75609
85115
80384
25879
33772
12665
24393
36032
50828
48553
75966
88973
36617
82319
64324
4870
40202
29156
34858
13510
38171
18472
24814
52887
76490
11334
81902
15644
85486
66577
42052
7843
57375
13785
35895
60091
79943
32905
69951
23517
77695
40102
23723
57809
20119
88898
38992
24956
43739
71713
8511
46147
51613
14737
85078
6521
28563
41407
41773
24635
64300
42276
54463
78475
39852
35490
52615
43973
49406
24645
70083
59091
48014
52858
3484
81032
46203
61519
24322
88871
20117
53872
65300
22179
59506
41868
9211
40367
23521
12579
50767
4023
85276
73828
76328
53065
67713
76681
8522
77453
9502
59843
9576
38651
47040
74107
66411
18759
86999
50321
63583
87239
50335
32942
76208
7534
70773
86900
939
10199
32963
52054
86230
11187
20602
54185
27848
11466
2398
63392
45131
67957
3836
60249
87694
61342
2441
18262
9497
1927
21403
60592
23222
67790
15997
707
9020
83303
66860
14005
74244
52948
75130
21976
68651
86833
85380
83732
67661
7813
36551
84397
59254
50788
8353
46859
9286
72177
13797
77967
80110
71242
56670
27314
44045
22208
11344
10323
24964
30511
19236
85074
36720
10960
56438
12172
53222
35647
85854
22311
82269
53983
51063
9604
19918
19547
66705
72875
73179
11751
1063
29530
5355
44207
53788
32424
24811
76109
74899
12500
69155
30424
21604
83852
14101
61777
48187
75541
14373
70246
5128
20143
50583
19163
21566
50398
52245
57931
47700
8318
50218
60793
18539
71947
39314
47827
30600
73345
61100
59285
17332
76474
26565
74419
59343
35136
29991
27095
33499
23399
52533
21928
64959
50307
67471
7852
4579
47881
13843
24944
8508
61804
33539
78441
12197
68037
57534
26835
27313
66926
73033
56295
40339
33935
79581
18857
26820
10840
16117
61651
56223
21288
7324
56740
66837
30736
86483
65579
43644
26986
79513
73810
73164
69794
60930
82173
30954
12005
20219
43698
54716
33736
74064
85959
58847
17337
14229
76821
68
46657
56012
80051
56879
74224
48221
65623
64230
3709
51271
87562
54158
4666
21054
16667
7138
10293
9886
76882
17893
20491
70124
26852
4982
48349
25670
85728
22726
57977
14995
76712
3422
21671
8364
73252
10407
29794
50498
18451
58046
80454
12416
8477
84786
80863
11148
67341
23691
70804
7795
10358
24643
26420
44031
13615
27599
74915
67849
85177
45891
65965
86027
46432
21131
69814
78263
58854
80733
35023
370
64232
57190
86730
33604
70459
6323
37350
8371
39797
79194
22588
38059
45004
50338
29147
56844
69368
48946
35273
55188
68263
38987
