71788
40942
75297
36663
84171
3919
88290
35642
73754
25730
27060
63568
74955
49483
39113
15986
58949
59131
22664
22506
85219
24866
1610
31284
74557
36334
17120
11279
7913
82702
17583
73854
62262
53056
37068
47202
50935
71959
4725
41208
78196
22394
70823
34337
58021
34942
65933
84525
83152
75238
50181
57336
18976
58062
82211
66087
49422
66700
62499
79687
50009
24442
61440
55108
35168
20087
51879
35744
13313
52834
23106
13097
33818
78891
5732
33171
68388
36300
59907
36082
68014
17666
75981
83943
52618
53426
67266
27954
39824
72224
59041
35690
13198
611
22846
43863
59445
11998
42093
85482
9381
6182
32628
23828
23906
42715
19085
9681
83675
5790
82754
3070
56582
80234
20217
10326
36648
70276
16374
51208
18110
65349
70944
29585
37280
15419
80619
51116
21331
58620
19764
84544
49282
8265
36228
82290
12728
3737
56358
14431
29954
63621
9319
69300
19805
27801
29696
69783
25275
74176
2932
10123
1813
65577
76326
80100
44664
45462
53535
34241
49286
10288
60470
57924
10623
73085
57260
36849
41611
3885
47030
28143
21967
18068
38297
83652
20545
3044
2885
42454
66211
44100
56364
83809
30174
38472
56143
48059
27302
67339
5030
2079
15395
53914
57672
37867
595
40969
80384
50828
74997
85115
25879
33772
36032
12665
24393
75609
88973
48553
75966
36617
24322
64324
74107
34858
38171
4870
29156
18472
13510
52887
40367
11334
81902
76490
15644
42052
40202
85486
7843
32905
79943
57375
60091
35895
24814
69951
40102
67713
