9797
45467
7495
76580
3580
63615
70407
16007
6526
55896
66261
58069
17912
34617
82320
6433
1077
69153
43487
53596
48313
55967
78567
38384
46038
20494
80075
42232
28873
84543
83982
84314
87195
34237
71975
11363
33032
61441
18198
36980
22897
52706
16269
18657
58035
68049
56786
18378
19734
41826
65269
71162
42926
2189
64052
75565
39411
48121
53822
82035
33850
6782
63285
37970
5260
64250
83889
42585
31705
88923
23289
49335
28529
4114
34459
64442
73117
70824
58678
21834
78524
82253
75845
50545
51649
83239
10864
18188
49619
10547
23800
739
86068
43356
31002
38192
61381
58797
38383
79389
52868
19087
24858
51872
17836
71433
24927
45247
30277
88028
13589
71176
47704
34273
58161
78005
304
7770
26240
83357
4966
62272
39017
81600
77732
53461
51697
84830
72972
33458
71280
10755
70700
28560
77122
75635
23259
48554
82800
78004
4630
72359
26931
47211
40966
66454
36526
12712
30356
87196
77644
51467
75205
81730
17201
11152
25529
87464
46096
6429
16038
70965
10266
54450
14937
25135
10329
30574
84355
59508
72912
88537
22061
55321
46584
14934
14989
4288
30661
32351
46234
5394
42675
71844
52917
11346
9935
51848
3362
13495
16879
85635
73886
24338
46240
44059
5786
29955
59408
16113
72970
77137
27581
68718
75734
368
29964
68917
53339
49009
54516
68662
79874
76901
65619
67444
34665
6023
76392
48152
22089
75400
35782
25005
70942
44816
83977
86083
51216
8114
72234
62141
57537
20269
14321
57647
42992
10956
23697
30856
35913
253
75970
55902
66068
77086
29724
22850
83516
31053
1106
47249
64330
68918
50582
57568
42604
47861
28927
39242
60860
10604
68068
85757
74131
16511
53637
17610
20019
62636
14322
66142
78166
8566
14927
9905
52890
26023
85552
73869
40577
7854
21103
10970
40436
69961
11154
27716
14233
57120
82949
32630
17132
50895
15919
8542
81725
47534
58290
16090
83728
19732
12087
56396
54724
12164
68015
51849
82618
50556
77047
30952
11575
42548
22935
26696
18259
75149
69494
37716
4450
60960
83490
36058
87071
80236
63136
44245
53971
63707
81940
34488
56041
26762
81618
69024
79185
72651
9546
83306
67547
33324
59520
83256
17034
64870
49811
14527
36376
77063
70208
85272
63659
52529
67521
69800
64033
740
83255
66161
29478
82481
63865
28541
57068
42739
73420
15104
60345
83734
9290
39971
10450
5363
72297
82648
6852
83340
70105
56131
42386
68764
41494
10707
84738
84825
10683
16320
66001
5873
24680
80826
62793
38270
38064
21372
70201
47582
41672
26294
75636
44034
9715
4193
33027
24623
11542
34614
43338
65988
24588
80109
44822
82095
2373
44038
63948
37714
18624
3555
6206
4531
27869
47828
24679
65387
63367
29741
54104
29642
76940
34403
43261
67877
72445
54749
88221
46339
24031
58121
9057
16881
53371
45406
88093
52838
40835
32966
44158
59457
7080
19455
59326
83769
76375
24394
55514
78920
16125
33484
54976
47041
7562
80879
14178
16822
24237
4139
61330
51342
86537
31512
48627
30791
81728
42635
62300
71719
35021
48908
51239
3424
26080
63326
47397
63787
19543
23539
40629
8307
67624
32493
5496
10338
74242
47055
71935
52662
5494
5101
23601
13449
11544
58198
64766
53548
11879
82289
3946
30796
39502
21169
36183
16189
17376
83084
65267
63249
74103
19269
43170
34937
58890
57614
27812
7981
5495
6777
83860
80002
26925
48470
68970
77249
9
41835
13781
7613
34085
7644
52484
52530
15243
30978
29301
63283
24085
50546
51156
58418
33923
63849
18591
61530
37650
8021
79137
5468
30769
88555
61241
72563
82744
83537
20740
74568
13535
5035
66729
19774
34929
59681
62013
28271
68715
6698
36128
2007
39317
62998
41465
28561
26499
78504
83726
60744
6090
75126
87817
49252
48964
16961
49407
18419
44529
13376
40448
11987
21150
70715
5574
78249
15314
65192
28503
15995
21369
7181
4249
84581
31191
11548
66224
81877
8079
9936
1911
48230
17202
38276
9260
76863
20378
50169
30278
81626
59862
61888
11208
18291
12011
37531
83206
41492
46491
1403
56631
21501
23790
70943
16218
14186
82264
6974
22266
24091
44073
30433
67625
12280
52977
662
85301
55881
59611
29731
56684
14222
84519
10985
49744
69877
17373
35165
34685
69159
40180
29392
3257
62902
63788
10805
28761
83839
40069
2705
23158
28917
37722
86041
5830
31346
65306
82277
5209
67597
85976
57980
27919
6879
29940
85264
14662
12735
55507
63514
44237
85455
60622
68055
66024
8772
30344
75968
16787
37424
6999
34245
3686
68955
84875
87278
88830
41844
65248
30872
1234
31765
71662
36162
20474
38596
34853
14702
8248
10392
10306
23720
82405
13973
49525
2381
82534
51514
52506
67051
65696
62874
60938
5590
62600
71846
78341
38095
78264
27348
16093
57626
16902
62571
73099
73785
63005
19277
39913
42772
75787
131
1851
33455
29688
63746
21846
85071
59583
6596
33111
83028
70727
85197
21634
63180
38755
63161
14274
34935
66881
25418
74397
25791
76444
8168
54405
19204
43571
21338
38846
34863
71477
50822
55798
44916
77214
43654
3485
49999
85842
89193
79
7607
71508
63490
26605
34399
46276
88942
42179
84491
71104
70782
35262
7369
72090
60278
21144
40355
1434
15223
37290
87927
2777
20950
68245
33123
4420
17284
83774
83133
359
58518
81726
